LapRD_2.25: 1.01643125
LapRD_2.50: 0.99889375
LapRD_2.75: 0.99998125
LapRD_3.00: 1.025708333
LapRD_3.50: 1.00405
LapRD_4.00: 1.023375
PDMS_3_812_10: 1.02520625
PDMS_3_812_10_mineral_25: 0.984225
PDMS_3_812_10_silicone_25: 0.9966
PDMS_3_812_12.5: 1.04684375
PDMS_3_812_12.5_mineral_25: 0.9748
PDMS_3_812_12.5_silicone_25: 1.014033333
PDMS_3_812_15: 1.0524
PDMS_3_812_2.5: 0.99325
PDMS_3_812_3.5_silicone_40: 0.956958333
PDMS_3_812_4_silicone_25: 0.994808333
PDMS_3_812_4_silicone_40: 0.981216667
PDMS_3_812_5: 0.975779167
PDMS_3_812_5_mineral_25: 0.94666
PDMS_3_812_5_silicone_25: 1.002658333
PDMS_3_812_5_silicone_40: 0.983
PDMS_3_812_6_silicone_25: 0.989235714
PDMS_3_812_6_silicone_40: 0.96965
PDMS_3_812_7.5: 1.030192857
PDMS_3_812_7.5_mineral_25: 0.968566667
PDMS_3_812_7.5_silicone_25: 1.004175
PDMS_3_812_7_silicone_25: 1.003692857
PDMS_3_812_7_silicone_40: 0.97441
PDMS_3_812_8_silicone_25: 1.002414286
PDMS_3_812_9_silicone_25: 1.008178571
PEGDA_40_200_10: 1.08658
PEGDA_40_200_12.5: 1.127028571
PEGDA_40_200_15: 1.123614286
PEGDA_40_200_2.5: 1.071528571
PEGDA_40_200_5: 1.074914286
PEGDA_40_200_6: 1.09433125
PEGDA_40_200_7: 1.0849125
PEGDA_40_200_7.5: 1.10305
PEGDA_40_200_8: 1.09264
PEGDA_40_200_9: 1.1056125
PEGDA_40_200_9.5: 1.09752
mineral_812_4: 0.88845
mineral_812_5: 0.8719
mineral_812_6: 0.87513
mineral_812_7: 0.8738
mineral_812_8: 0.8709375
mineral_812_9: 0.882833333
new material: 11.5
silicone_oil_812_10: 0.99275
silicone_oil_812_11: 1.0099
silicone_oil_812_9: 1.02096
silicone_oil_span20_0.5_812_6: 0.9839
silicone_oil_span20_0.5_812_7: 0.986
silicone_oil_span20_0.5_812_8: 1.013
silicone_oil_span85_0.05_812_8: 1.005
silicone_oil_span85_0.05_812_9: 1.002
